0.0 99.99841513192601 0.0015848680739949
0.10071942446043165 99.998001469664 0.0019985303359894026
0.2014388489208633 99.99747984122025 0.0025201587797318106
0.302158273381295 99.99682206894062 0.003177931059380974
0.4028776978417266 99.99599262214727 0.004007377852723958
0.5035971223021583 99.99494669890959 0.005053301090403346
0.60431654676259 99.99362780772441 0.006372192275599311
0.7050359712230215 99.9919647189249 0.008035281075104376
0.8057553956834532 99.98986762186424 0.01013237813577491
0.9064748201438849 99.98722328145276 0.012776718547242525
1.0071942446043165 99.98388893426976 0.016111065730246846
1.1079136690647482 99.97968459749069 0.020315402509313702
1.20863309352518 99.97438337989631 0.025616620103690254
1.3093525179856116 99.96769927910857 0.03230072089143127
1.410071942446043 99.95927181786638 0.04072818213362388
1.5107913669064748 99.94864670848949 0.05135329151051546
1.6115107913669064 99.93525153138255 0.0647484686174605
1.7122302158273381 99.91836516196493 0.0816348380350588
1.8129496402877698 99.89707937105653 0.10292062894345776
1.9136690647482013 99.87025064590021 0.12974935409979135
2.014388489208633 99.83643982188063 0.1635601781193688
2.115107913669065 99.79383656906909 0.2061634309309197
2.2158273381294964 99.74016513728294 0.25983486271705486
2.316546762589928 99.6725670309978 0.3274329690021881
2.41726618705036 99.58745547952752 0.4125445204724801
2.5179856115107913 99.48033573445656 0.5196642655434521
2.618705035971223 99.34558445794661 0.6544155420533945
2.7194244604316546 99.17618092997213 0.8238190700278799
2.820143884892086 98.96338278487337 1.0366172151266329
2.920863309352518 98.69633995008846 1.3036600499115316
3.0215827338129495 98.36164312165938 1.6383568783406153
3.1223021582733814 97.9428085451443 2.057191454855699
3.223021582733813 97.41971060257549 2.58028939742451
3.3237410071942444 96.76798977221839 3.2320102277816063
3.4244604316546763 95.95848839943343 4.041511600566563
3.5251798561151078 94.9568029186424 5.043197081357604
3.6258992805755397 93.72309030442146 6.276909695578543
3.726618705035971 92.21232734276312 7.787672657236889
3.8273381294964026 90.37528638208467 9.62471361791534
3.9280575539568345 88.1605423787873 11.8394576212127
4.028776978417266 85.51782973081184 14.48217026918816
4.129496402877698 82.40297355815149 17.597026441848524
4.23021582733813 78.78437149499324 21.215628505006755
4.330935251798561 74.65056208706321 25.349437912936796
4.431654676258993 70.01781738878617 29.982182611213826
4.532374100719425 64.93609562676974 35.063904373230265
4.633093525179856 59.49137334164544 40.508626658354565
4.733812949640288 53.802675605595404 46.197324394404596
4.83453237410072 48.01320342635291 51.98679657364708
4.935251798561151 42.27660294223608 57.723397057763925
5.0359712230215825 36.741006781148165 63.258993218851835
5.136690647482014 31.5342607443283 68.46573925567169
5.237410071942446 26.75332849811427 73.24667150188573
5.338129496402877 22.459460584624324 77.54053941537568
5.438848920863309 18.67900585952478 81.32099414047522
5.539568345323741 15.408440516251625 84.59155948374837
5.640287769784172 12.621648393785376 87.37835160621462
5.741007194244604 10.277641971600817 89.72235802839919
5.841726618705036 8.32746159364258 91.67253840635743
5.942446043165467 6.719613496802073 93.28038650319793
6.043165467625899 5.403905418576094 94.59609458142391
6.143884892086331 4.333845500347384 95.66615449965262
6.244604316546763 3.467906720467934 96.53209327953206
6.345323741007194 2.7699800044973086 97.23001999550269
6.446043165467626 2.2092984919555545 97.79070150804445
6.546762589928058 1.7600521390980857 98.23994786090192
6.647482014388489 1.400848480285328 98.59915151971468
6.748201438848921 1.114122215630201 98.8858777843698
6.848920863309353 0.8855561128324436 99.11444388716757
6.9496402877697845 0.7035475339387224 99.29645246606128
7.0503597122302155 0.5587363446727277 99.44126365532728
7.151079136690647 0.44359848461163676 99.55640151538837
7.251798561151079 0.3521028797214941 99.6478971202785
7.35251798561151 0.2794259808923742 99.72057401910762
7.453237410071942 0.22171680773815036 99.77828319226185
7.553956834532374 0.17590514671027055 99.82409485328974
7.654676258992805 0.13954596308839787 99.8604540369116
7.755395683453237 0.11069380423754527 99.88930619576244
7.856115107913669 0.087801797347281 99.91219820265273
7.956834532374101 0.06964066614541327 99.93035933385458
8.057553956834532 0.05523394954655601 99.94476605045345
8.158273381294963 0.04380627536400486 99.956193724636
8.258992805755396 0.03474211751308987 99.96525788248692
8.359712230215827 0.02755294925503698 99.97244705074496
8.46043165467626 0.021851106654135855 99.97814889334586
8.56115107913669 0.017329006133006593 99.98267099386699
8.661870503597122 0.013742628573120247 99.98625737142687
8.762589928057555 0.010898399864522082 99.98910160013547
8.863309352517986 0.008642773084493377 99.9913572269155
8.964028776978417 0.006853958265555478 99.99314604173445
9.06474820143885 0.005435358479033662 99.99456464152098
9.16546762589928 0.00431036109386985 99.99568963890613
9.266187050359711 0.0034182049937288845 99.99658179500628
9.366906474820144 0.002710701852615488 99.9972892981474
9.467625899280575 0.0021496351993683742 99.99785036480063
9.568345323741006 0.0017046972980241666 99.99829530270198
9.66906474820144 0.0013518527247916045 99.9986481472752
9.76978417266187 0.0010720404478490914 99.99892795955215
9.870503597122301 0.0008501444241071702 99.99914985557588
9.971223021582734 0.0006741771836470583 99.99932582281636
10.071942446043165 0.0005346323477686017 99.99946536765222
10.172661870503598 0.0004239711334858227 99.99957602886651
10.273381294964029 0.0003362151235455193 99.99966378487646
10.37410071942446 0.0002666233142767669 99.99973337668571
10.474820143884893 0.00021143600182631526 99.99978856399817
10.575539568345324 0.0001676716752354353 99.99983232832477
10.676258992805755 0.000132965946606518 99.9998670340534
10.776978417266188 0.00010544381847489909 99.99989455618153
10.877697841726619 8.361838880511907e-05 99.99991638161119
10.97841726618705 6.631052186485853e-05 99.99993368947813
11.079136690647482 5.258514562762413e-05 99.99994741485438
11.179856115107913 4.170073442877691e-05 99.99995829926559
11.280575539568344 3.3069247825921736e-05 99.99996693075218
11.381294964028777 2.6224361446251643e-05 99.99997377563855
11.482014388489208 2.0796273539097737e-05 99.99997920372647
11.58273381294964 1.649172618140707e-05 99.99998350827383
11.683453237410072 1.3078161792203296e-05 99.9999869218382
11.784172661870503 1.0371159014717675e-05 99.99998962884099
11.884892086330934 8.22446918878198e-06 99.99999177553082
11.985611510791367 6.5221151310741905e-06 99.99999347788487
12.086330935251798 5.172125356262433e-06 99.99999482787464
12.18705035971223 4.101565226699229e-06 99.99999589843478
12.287769784172662 3.252596585119737e-06 99.99999674740343
12.388489208633093 2.5793529889699687e-06 99.999997420647
12.489208633093526 2.0454617282924345e-06 99.99999795453826
12.589928057553957 1.6220787519882304e-06 99.99999837792124
12.690647482014388 1.286330337523548e-06 99.99999871366967
12.79136690647482 1.0200773137897201e-06 99.99999897992268
12.892086330935252 8.089350730375236e-07 99.99999919106493
12.992805755395683 6.414964270435052e-07 99.99999935850357
13.093525179856115 5.087153215173661e-07 99.99999949128468
13.194244604316546 4.0341811328255524e-07 99.99999959658189
13.294964028776977 3.199160064681314e-07 99.999999680084
13.39568345323741 2.5369770916841233e-07 99.9999997463023
13.496402877697841 2.0118570602027729e-07 99.99999979881429
13.597122302158272 1.5954297906414813e-07 99.99999984045702
13.697841726618705 1.2651973477630425e-07 99.99999987348028
13.798561151079136 1.0033185653588755e-07 99.99999989966814
13.899280575539569 7.956451579028763e-08 99.99999992043549
14.0 6.309573440820871e-08 99.99999993690427
